{
  "camera_angle_x": 0.6301017730394058,
  "camera_angle_y": 1.037214160638588,
  "fl_x": 1656.9208308544505,
  "fl_y": 1682.1042174480326,
  "k1": 0.05135101623077426,
  "k2": -0.10987555136921605,
  "k3": 0,
  "k4": 0,
  "p1": 0.002224232271821997,
  "p2": -0.0013829990629899765,
  "is_fisheye": false,
  "cx": 545.1529205941451,
  "cy": 955.1544441372537,
  "w": 1080.0,
  "h": 1920.0,
  "aabb_scale": 4,
  "frames": [
    {
      "file_path": "./data\\nerf\\hel\\images/0003.jpg",
      "sharpness": 28.46221492578115,
      "transform_matrix": [
        [
          -0.6201578701935739,
          -0.18727059597760504,
          0.7617965213214232,
          3.980719676914164
        ],
        [
          0.6604799121954407,
          -0.6486203467182522,
          0.37822999802937507,
          2.6335097594244896
        ],
        [
          0.4232853666406901,
          0.7377136095343825,
          0.5259354795730853,
          1.7076161182835403
        ],
        [
          0.0,
          0.0,
          0.0,
          1.0
        ]
      ]
    },
    {
      "file_path": "./data\\nerf\\hel\\images/0001.jpg",
      "sharpness": 59.485921990740735,
      "transform_matrix": [
        [
          -0.6329038151254488,
          -0.17572709502314124,
          0.7540243688718806,
          3.9211671355806916
        ],
        [
          0.6382787985414488,
          -0.669655718291573,
          0.37968591531920887,
          2.618643323131634
        ],
        [
          0.4382156274260021,
          0.7215824325894437,
          0.5359905380098594,
          1.6889198516573294
        ],
        [
          0.0,
          0.0,
          0.0,
          1.0
        ]
      ]
    },
    {
      "file_path": "./data\\nerf\\hel\\images/0004.jpg",
      "sharpness": 36.332709294377935,
      "transform_matrix": [
        [
          -0.5892165099246497,
          -0.20901224489561415,
          0.7804727963831729,
          3.9667466822816597
        ],
        [
          0.6978595742617261,
          -0.6184765202691068,
          0.36121850518344584,
          2.5902110343988562
        ],
        [
          0.4072050086055337,
          0.7574963203512087,
          0.5102777729816458,
          1.72249328182578
        ],
        [
          0.0,
          0.0,
          0.0,
          1.0
        ]
      ]
    },
    {
      "file_path": "./data\\nerf\\hel\\images/0002.jpg",
      "sharpness": 38.86324986114548,
      "transform_matrix": [
        [
          -0.6298590484022629,
          -0.17624806005584165,
          0.7564484122863946,
          3.968752351148211
        ],
        [
          0.6432203291637216,
          -0.664268264384162,
          0.38080871980886943,
          2.6274591029328307
        ],
        [
          0.4353678758069762,
          0.7264188146283278,
          0.5317617120924168,
          1.682894798691336
        ],
        [
          0.0,
          0.0,
          0.0,
          1.0
        ]
      ]
    },
    {
      "file_path": "./data\\nerf\\hel\\images/0005.jpg",
      "sharpness": 41.173988992907276,
      "transform_matrix": [
        [
          -0.5393895950145687,
          -0.2442692066179603,
          0.8058482608199327,
          3.97054421065559
        ],
        [
          0.749658873042576,
          -0.5751471155737612,
          0.3274406351014198,
          2.4132146441293196
        ],
        [
          0.38349763865001146,
          0.7807293706082586,
          0.4933469478953526,
          1.738041231708001
        ],
        [
          0.0,
          0.0,
          0.0,
          1.0
        ]
      ]
    },
    {
      "file_path": "./data\\nerf\\hel\\images/0006.jpg",
      "sharpness": 48.70218984624964,
      "transform_matrix": [
        [
          -0.442846098858354,
          -0.2917270611234284,
          0.8478105062527139,
          3.8483296706499046
        ],
        [
          0.8280888656005128,
          -0.49559939907706696,
          0.2620115766579971,
          2.045527908155604
        ],
        [
          0.34373851019131546,
          0.8180932449457269,
          0.46105019158849503,
          1.6866464049938377
        ],
        [
          0.0,
          0.0,
          0.0,
          1.0
        ]
      ]
    },
    {
      "file_path": "./data\\nerf\\hel\\images/0007.jpg",
      "sharpness": 57.50596932524215,
      "transform_matrix": [
        [
          -0.2968057897928176,
          -0.3413754633714648,
          0.8918346910339596,
          3.717379190397443
        ],
        [
          0.9195759950563058,
          -0.353968792347181,
          0.17054642582120166,
          1.5380912441138856
        ],
        [
          0.2574612834175519,
          0.8707289400454903,
          0.4189806683922373,
          1.5834686635018755
        ],
        [
          0.0,
          0.0,
          0.0,
          1.0
        ]
      ]
    },
    {
      "file_path": "./data\\nerf\\hel\\images/0009.jpg",
      "sharpness": 67.50349186412792,
      "transform_matrix": [
        [
          -0.0626173597132001,
          -0.3767936891635559,
          0.9241783280554265,
          3.860506402476826
        ],
        [
          0.9951037927702205,
          -0.09451990405179363,
          0.028886490826424274,
          0.7469222129093605
        ],
        [
          0.0764689994490684,
          0.9214621552309266,
          0.3808674160106064,
          1.5332686145108045
        ],
        [
          0.0,
          0.0,
          0.0,
          1.0
        ]
      ]
    },
    {
      "file_path": "./data\\nerf\\hel\\images/0010.jpg",
      "sharpness": 53.72610237425921,
      "transform_matrix": [
        [
          -0.04351586070327298,
          -0.3819278838198205,
          0.9231670820639272,
          4.028476736002386
        ],
        [
          0.9980019956636753,
          -0.05898698874211793,
          0.022639607115900396,
          0.455966149088708
        ],
        [
          0.045808149040510726,
          0.9223077722204435,
          0.38373165983719293,
          1.4510805080734035
        ],
        [
          0.0,
          0.0,
          0.0,
          1.0
        ]
      ]
    },
    {
      "file_path": "./data\\nerf\\hel\\images/0008.jpg",
      "sharpness": 140.7368640281559,
      "transform_matrix": [
        [
          -0.13340353961660187,
          -0.37558779731409375,
          0.9171353782865251,
          3.765085704045693
        ],
        [
          0.9827983781788439,
          -0.1693883264043361,
          0.07358629442277932,
          1.0187069180560133
        ],
        [
          0.12771391257940412,
          0.9111758344937054,
          0.3917240803761265,
          1.5143250836372002
        ],
        [
          0.0,
          0.0,
          0.0,
          1.0
        ]
      ]
    },
    {
      "file_path": "./data\\nerf\\hel\\images/0012.jpg",
      "sharpness": 50.98388866370348,
      "transform_matrix": [
        [
          0.08432694866165166,
          -0.3747499097805436,
          0.9232829852364595,
          4.473427700901018
        ],
        [
          0.9961644027376031,
          0.00998820786480719,
          -0.08692938756247785,
          -0.09738329909974663
        ],
        [
          0.02335483777173504,
          0.9270721335480386,
          0.37415479514434347,
          1.3686394711569498
        ],
        [
          0.0,
          0.0,
          0.0,
          1.0
        ]
      ]
    },
    {
      "file_path": "./data\\nerf\\hel\\images/0013.jpg",
      "sharpness": 54.696378250831415,
      "transform_matrix": [
        [
          0.1419964798626334,
          -0.36574732580072267,
          0.9198184023786976,
          4.460541710484819
        ],
        [
          0.9898578285415925,
          0.04843056595312518,
          -0.13355133678210362,
          -0.26863915421762063
        ],
        [
          0.004298718483866403,
          0.929453266135182,
          0.3689148235950966,
          1.4795953373712405
        ],
        [
          0.0,
          0.0,
          0.0,
          1.0
        ]
      ]
    },
    {
      "file_path": "./data\\nerf\\hel\\images/0014.jpg",
      "sharpness": 61.95841338707684,
      "transform_matrix": [
        [
          0.1958807949828444,
          -0.34767350469574937,
          0.9169263047092293,
          4.198730132468257
        ],
        [
          0.9791520983802289,
          0.12061969390964526,
          -0.16343823811654787,
          -0.4830152543854979
        ],
        [
          -0.05377622516445065,
          0.9298247273289357,
          0.3640523232076602,
          1.5977057924521139
        ],
        [
          0.0,
          0.0,
          0.0,
          1.0
        ]
      ]
    },
    {
      "file_path": "./data\\nerf\\hel\\images/0015.jpg",
      "sharpness": 63.173800592160774,
      "transform_matrix": [
        [
          0.2703961584193148,
          -0.3197388423234021,
          0.9081040635301805,
          3.9897451986468124
        ],
        [
          0.9560750556496121,
          0.20005107404384603,
          -0.21424298293852745,
          -0.7563449479347405
        ],
        [
          -0.11316538991211635,
          0.9261461226301287,
          0.3597873733768031,
          1.6826212607526305
        ],
        [
          0.0,
          0.0,
          0.0,
          1.0
        ]
      ]
    },
    {
      "file_path": "./data\\nerf\\hel\\images/0011.jpg",
      "sharpness": 79.540881440743,
      "transform_matrix": [
        [
          0.0012032090375387735,
          -0.38082505511800213,
          0.9246463267977878,
          4.261685338256817
        ],
        [
          0.9995174328335183,
          -0.02824265702505757,
          -0.012932663529277308,
          0.18156336409138854
        ],
        [
          0.031039551378588836,
          0.9242156835375052,
          0.38060729963005213,
          1.3490995796186365
        ],
        [
          0.0,
          0.0,
          0.0,
          1.0
        ]
      ]
    },
    {
      "file_path": "./data\\nerf\\hel\\images/0016.jpg",
      "sharpness": 63.010083085329946,
      "transform_matrix": [
        [
          0.37951344626876315,
          -0.2749963017942597,
          0.8833722760416164,
          3.8462685180130936
        ],
        [
          0.9070986379503172,
          0.2984751477995634,
          -0.29679057797479286,
          -1.0733878278413822
        ],
        [
          -0.1820483593031092,
          0.9139418034677338,
          0.36272410276593814,
          1.738888685006109
        ],
        [
          0.0,
          0.0,
          0.0,
          1.0
        ]
      ]
    },
    {
      "file_path": "./data\\nerf\\hel\\images/0017.jpg",
      "sharpness": 55.3094068738124,
      "transform_matrix": [
        [
          0.4766461077909978,
          -0.23610273442983518,
          0.8467963076801327,
          3.760878371793769
        ],
        [
          0.850072555222074,
          0.3692566109481808,
          -0.37553456049900535,
          -1.3714025156053897
        ],
        [
          -0.2240203981306771,
          0.898835387625122,
          0.376709181136234,
          1.698470826931903
        ],
        [
          0.0,
          0.0,
          0.0,
          1.0
        ]
      ]
    },
    {
      "file_path": "./data\\nerf\\hel\\images/0023.jpg",
      "sharpness": 42.2458429775011,
      "transform_matrix": [
        [
          0.8123778122213976,
          0.27244140303431164,
          0.5155753796500857,
          2.455726157919063
        ],
        [
          0.2207721793057122,
          0.674639312684471,
          -0.7043588876596466,
          -3.869886170978982
        ],
        [
          -0.5397239433578501,
          0.6860302323373603,
          0.4879145265961673,
          2.081428598253028
        ],
        [
          0.0,
          0.0,
          0.0,
          1.0
        ]
      ]
    },
    {
      "file_path": "./data\\nerf\\hel\\images/0021.jpg",
      "sharpness": 58.265753246790304,
      "transform_matrix": [
        [
          0.7700900347660229,
          0.0025591441257496205,
          0.63793008168111,
          3.4267733077136433
        ],
        [
          0.5177621367169983,
          0.5816711745419633,
          -0.627360354572334,
          -3.076964623926748
        ],
        [
          -0.37267104545323365,
          0.813419999430694,
          0.44661414709469915,
          1.6676814718073645
        ],
        [
          0.0,
          0.0,
          0.0,
          1.0
        ]
      ]
    },
    {
      "file_path": "./data\\nerf\\hel\\images/0022.jpg",
      "sharpness": 49.56798224683124,
      "transform_matrix": [
        [
          0.8056212028522218,
          0.1408668256534469,
          0.5754398447479278,
          2.9271870094677177
        ],
        [
          0.3684904919064784,
          0.6414130828295133,
          -0.6729071366463316,
          -3.5111508043200383
        ],
        [
          -0.46388493710162354,
          0.7541523682866136,
          0.4648278934359217,
          1.8687211484699184
        ],
        [
          0.0,
          0.0,
          0.0,
          1.0
        ]
      ]
    },
    {
      "file_path": "./data\\nerf\\hel\\images/0019.jpg",
      "sharpness": 73.21655515579877,
      "transform_matrix": [
        [
          0.6468262732491448,
          -0.15170204267905152,
          0.7473969912033929,
          3.6522796213595248
        ],
        [
          0.7141689757600315,
          0.46428836636494925,
          -0.5238310671580463,
          -2.1639355590379754
        ],
        [
          -0.2675414851652786,
          0.872595440675818,
          0.40865480616957656,
          1.56174283801497
        ],
        [
          0.0,
          0.0,
          0.0,
          1.0
        ]
      ]
    },
    {
      "file_path": "./data\\nerf\\hel\\images/0018.jpg",
      "sharpness": 78.47115296411499,
      "transform_matrix": [
        [
          0.5716630078546427,
          -0.19584658005275712,
          0.7967719388322357,
          3.6876444424248214
        ],
        [
          0.784652776753861,
          0.4143531744236728,
          -0.4611197965576672,
          -1.7449668283696487
        ],
        [
          -0.239836246996399,
          0.8887944441257484,
          0.3905419448612996,
          1.6102326421002002
        ],
        [
          0.0,
          0.0,
          0.0,
          1.0
        ]
      ]
    },
    {
      "file_path": "./data\\nerf\\hel\\images/0020.jpg",
      "sharpness": 66.91301209509997,
      "transform_matrix": [
        [
          0.7208132505015005,
          -0.08016925024041992,
          0.6884774137149371,
          3.5756099837347426
        ],
        [
          0.6177089843780452,
          0.524887855939297,
          -0.5856008446937173,
          -2.6982678961685598
        ],
        [
          -0.3144262528882136,
          0.84738753235318,
          0.42786738773272714,
          1.5531886669364696
        ],
        [
          0.0,
          0.0,
          0.0,
          1.0
        ]
      ]
    },
    {
      "file_path": "./data\\nerf\\hel\\images/0025.jpg",
      "sharpness": 42.04097511393973,
      "transform_matrix": [
        [
          0.8447310849515272,
          0.37350895720425714,
          0.38330203884542896,
          1.7108241478914843
        ],
        [
          0.03806310890747117,
          0.6724549319313573,
          -0.7391586867928934,
          -3.9546455738616832
        ],
        [
          -0.5338357367534351,
          0.6389799866949365,
          0.5538266721153994,
          2.3717951007452047
        ],
        [
          0.0,
          0.0,
          0.0,
          1.0
        ]
      ]
    },
    {
      "file_path": "./data\\nerf\\hel\\images/0026.jpg",
      "sharpness": 25.92671238693262,
      "transform_matrix": [
        [
          0.842033592012687,
          0.4269402369088384,
          0.3296990506639278,
          1.1479466487271988
        ],
        [
          -0.04887528418333315,
          0.669074730301435,
          -0.7415862807981034,
          -3.6255617915528005
        ],
        [
          -0.5372063258158934,
          0.6083264250115819,
          0.5842502238888562,
          2.493798603706265
        ],
        [
          0.0,
          0.0,
          0.0,
          1.0
        ]
      ]
    },
    {
      "file_path": "./data\\nerf\\hel\\images/0024.jpg",
      "sharpness": 51.192109956081474,
      "transform_matrix": [
        [
          0.8332989105185697,
          0.3370255190461622,
          0.43820854078679045,
          2.0887445023793196
        ],
        [
          0.11126523532369272,
          0.6742064358470389,
          -0.73011350437497,
          -4.051750351239958
        ],
        [
          -0.5415099012161803,
          0.6571601641620521,
          0.5243162647691848,
          2.2744841704718404
        ],
        [
          0.0,
          0.0,
          0.0,
          1.0
        ]
      ]
    },
    {
      "file_path": "./data\\nerf\\hel\\images/0029.jpg",
      "sharpness": 56.36211367899134,
      "transform_matrix": [
        [
          -0.8064016770547114,
          0.03326550970581787,
          0.5904318259423518,
          2.1093301069728145
        ],
        [
          0.4034770092751513,
          -0.6989868813501616,
          0.5904435982265015,
          2.622567645733066
        ],
        [
          0.43234550791286747,
          0.7143603751281558,
          0.550242324991896,
          2.091592901655585
        ],
        [
          0.0,
          0.0,
          0.0,
          1.0
        ]
      ]
    },
    {
      "file_path": "./data\\nerf\\hel\\images/0027.jpg",
      "sharpness": 35.2373030866421,
      "transform_matrix": [
        [
          0.841673220685075,
          0.4836456149868028,
          0.2401522614174367,
          0.6380888076984162
        ],
        [
          -0.1654789910308286,
          0.6543576853790929,
          -0.7378568445929318,
          -3.349465809312532
        ],
        [
          -0.5140067052950387,
          0.5812941928799309,
          0.630788528917553,
          2.6496199347573763
        ],
        [
          0.0,
          0.0,
          0.0,
          1.0
        ]
      ]
    },
    {
      "file_path": "./data\\nerf\\hel\\images/0028.jpg",
      "sharpness": 47.26902295517158,
      "transform_matrix": [
        [
          0.8194577625941254,
          0.5583096256713939,
          0.12953508090535454,
          0.270043195606921
        ],
        [
          -0.31681701724987105,
          0.6295955568762809,
          -0.7093915789903654,
          -3.132820031977229
        ],
        [
          -0.4776148583181707,
          0.5402775181609036,
          0.6928089566841426,
          2.816407427359348
        ],
        [
          0.0,
          0.0,
          0.0,
          1.0
        ]
      ]
    },
    {
      "file_path": "./data\\nerf\\hel\\images/0032.jpg",
      "sharpness": 48.292311250244246,
      "transform_matrix": [
        [
          -0.6539987107513214,
          -0.18416913527419967,
          0.7337352492052032,
          2.670083805436707
        ],
        [
          0.6939819520673255,
          -0.5321324350937858,
          0.4849990945619234,
          2.2887337391012115
        ],
        [
          0.3011224610194715,
          0.8263878031030886,
          0.4758239825084377,
          1.899803276764417
        ],
        [
          0.0,
          0.0,
          0.0,
          1.0
        ]
      ]
    },
    {
      "file_path": "./data\\nerf\\hel\\images/0030.jpg",
      "sharpness": 73.46346687776932,
      "transform_matrix": [
        [
          -0.7469037015879441,
          -0.08074776348849114,
          0.6600111053793661,
          2.3939779249772233
        ],
        [
          0.5505969838105941,
          -0.6316111329110271,
          0.5458116325266696,
          2.504856732144842
        ],
        [
          0.3727972933899901,
          0.7710688526073034,
          0.5162121681616159,
          1.9159138442706842
        ],
        [
          0.0,
          0.0,
          0.0,
          1.0
        ]
      ]
    },
    {
      "file_path": "./data\\nerf\\hel\\images/0034.jpg",
      "sharpness": 55.06407364486884,
      "transform_matrix": [
        [
          -0.5227829555581884,
          -0.24583307495038675,
          0.8162500110974219,
          2.857237353617893
        ],
        [
          0.8049964231673652,
          -0.45742789975925446,
          0.3778101046947915,
          1.987554336544595
        ],
        [
          0.2804973084703136,
          0.8545910225158384,
          0.4370302554222139,
          1.5179436557178723
        ],
        [
          0.0,
          0.0,
          0.0,
          1.0
        ]
      ]
    },
    {
      "file_path": "./data\\nerf\\hel\\images/0033.jpg",
      "sharpness": 59.50641441053132,
      "transform_matrix": [
        [
          -0.6080433787771972,
          -0.21089547094046707,
          0.7653798728998997,
          2.7030876812579807
        ],
        [
          0.7377156360752525,
          -0.5063282302303771,
          0.4465505162484565,
          2.1661425360053927
        ],
        [
          0.29335795507643025,
          0.8361547844699588,
          0.46345041436979395,
          1.781438141007749
        ],
        [
          0.0,
          0.0,
          0.0,
          1.0
        ]
      ]
    },
    {
      "file_path": "./data\\nerf\\hel\\images/0037.jpg",
      "sharpness": 58.484918898314234,
      "transform_matrix": [
        [
          -0.3575705806095336,
          -0.27197777113701554,
          0.893404371977304,
          3.436366025525484
        ],
        [
          0.8882538649650487,
          -0.39443177425402587,
          0.2354328924202768,
          1.3555778908750074
        ],
        [
          0.288354558232504,
          0.8777537624228124,
          0.3826225049278942,
          1.1329293570228132
        ],
        [
          0.0,
          0.0,
          0.0,
          1.0
        ]
      ]
    },
    {
      "file_path": "./data\\nerf\\hel\\images/0038.jpg",
      "sharpness": 33.16480033951863,
      "transform_matrix": [
        [
          -0.2869183921409802,
          -0.2692143370314509,
          0.9193483980331991,
          3.7020343379492204
        ],
        [
          0.9194772853976627,
          -0.3466570938185345,
          0.18544643685694315,
          1.1074642078336023
        ],
        [
          0.2687738043156273,
          0.898527962849524,
          0.346998763786489,
          1.1999207744911953
        ],
        [
          0.0,
          0.0,
          0.0,
          1.0
        ]
      ]
    },
    {
      "file_path": "./data\\nerf\\hel\\images/0039.jpg",
      "sharpness": 52.07105314248075,
      "transform_matrix": [
        [
          -0.21233299014412915,
          -0.2575869311498862,
          0.9426365546569344,
          3.8355061388758185
        ],
        [
          0.9431165484937587,
          -0.306553019811995,
          0.12867176069856792,
          0.9783422798650375
        ],
        [
          0.2558239184512613,
          0.916337393608333,
          0.30802581677757374,
          1.247480184234788
        ],
        [
          0.0,
          0.0,
          0.0,
          1.0
        ]
      ]
    },
    {
      "file_path": "./data\\nerf\\hel\\images/0036.jpg",
      "sharpness": 55.00168286471056,
      "transform_matrix": [
        [
          -0.3935698348053601,
          -0.2655881441975165,
          0.8800941556283958,
          3.273570531990348
        ],
        [
          0.8703310103674573,
          -0.4159225575608132,
          0.26368989078979943,
          1.563589638931327
        ],
        [
          0.2960181033647782,
          0.8697536224445409,
          0.39484417015207485,
          1.1818726852096724
        ],
        [
          0.0,
          0.0,
          0.0,
          1.0
        ]
      ]
    },
    {
      "file_path": "./data\\nerf\\hel\\images/0035.jpg",
      "sharpness": 80.04701243975718,
      "transform_matrix": [
        [
          -0.44136440298392837,
          -0.264797668111221,
          0.8573678666242156,
          3.087044148296601
        ],
        [
          0.8512009971334417,
          -0.4259473624228799,
          0.306636114839609,
          1.7964679137601034
        ],
        [
          0.28399705324650304,
          0.8651306487401992,
          0.413394042453235,
          1.318692016838251
        ],
        [
          0.0,
          0.0,
          0.0,
          1.0
        ]
      ]
    },
    {
      "file_path": "./data\\nerf\\hel\\images/0040.jpg",
      "sharpness": 45.81693218218269,
      "transform_matrix": [
        [
          -0.10479635709044756,
          -0.23924241789523118,
          0.965287930618877,
          4.035252532009524
        ],
        [
          0.9735425154572912,
          -0.22286574807775483,
          0.05045620804951782,
          0.8457439622232407
        ],
        [
          0.20305835155621238,
          0.9450364669114518,
          0.25626818384059397,
          1.3142187441035695
        ],
        [
          0.0,
          0.0,
          0.0,
          1.0
        ]
      ]
    },
    {
      "file_path": "./data\\nerf\\hel\\images/0031.jpg",
      "sharpness": 118.70668919574449,
      "transform_matrix": [
        [
          -0.694261896849975,
          -0.15680638638295555,
          0.7024330400472723,
          2.6058508205851387
        ],
        [
          0.6471062547890132,
          -0.5632151258762065,
          0.5138503838639115,
          2.433630908574602
        ],
        [
          0.3150458912346362,
          0.811295555983498,
          0.49248919504468575,
          1.881824273107406
        ],
        [
          0.0,
          0.0,
          0.0,
          1.0
        ]
      ]
    },
    {
      "file_path": "./data\\nerf\\hel\\images/0041.jpg",
      "sharpness": 36.367684690306255,
      "transform_matrix": [
        [
          -0.011289026375205742,
          -0.2312144837565754,
          0.9728373041587882,
          4.15454191908913
        ],
        [
          0.9949145060996983,
          -0.09997936185407458,
          -0.012216904499456022,
          0.5837972507930875
        ],
        [
          0.10008837812457909,
          0.9677520290253854,
          0.23116731356271697,
          1.258021231544202
        ],
        [
          0.0,
          0.0,
          0.0,
          1.0
        ]
      ]
    },
    {
      "file_path": "./data\\nerf\\hel\\images/0043.jpg",
      "sharpness": 41.497342664930514,
      "transform_matrix": [
        [
          -0.00437302008179574,
          -0.2199978453353896,
          0.9754905559365548,
          4.276638467665902
        ],
        [
          0.9976027015485321,
          0.0664120275274085,
          0.019449741969306242,
          -0.22504235853922067
        ],
        [
          -0.06906320697916216,
          0.9732370680496042,
          0.21918002371139075,
          1.200927975523894
        ],
        [
          0.0,
          0.0,
          0.0,
          1.0
        ]
      ]
    },
    {
      "file_path": "./data\\nerf\\hel\\images/0042.jpg",
      "sharpness": 52.09234516192775,
      "transform_matrix": [
        [
          0.016615230445800766,
          -0.2204554957886969,
          0.9752555093266849,
          4.265935438816589
        ],
        [
          0.9996814858448985,
          0.022194165562723578,
          -0.012014402765594293,
          0.1479870725683438
        ],
        [
          -0.018996341121660536,
          0.9751444987127426,
          0.2207540387680953,
          1.172268401420318
        ],
        [
          0.0,
          0.0,
          0.0,
          1.0
        ]
      ]
    },
    {
      "file_path": "./data\\nerf\\hel\\images/0045.jpg",
      "sharpness": 46.62642782574982,
      "transform_matrix": [
        [
          0.016513660124032745,
          -0.22116267583548435,
          0.9750971078948265,
          4.253316572832141
        ],
        [
          0.9885561714112057,
          0.14986381353880462,
          0.017249155235232013,
          -0.7488479446010585
        ],
        [
          -0.14994664048750347,
          0.9636534170476675,
          0.22110652816465529,
          1.263733503794732
        ],
        [
          0.0,
          0.0,
          0.0,
          1.0
        ]
      ]
    },
    {
      "file_path": "./data\\nerf\\hel\\images/0044.jpg",
      "sharpness": 49.73146593542436,
      "transform_matrix": [
        [
          -0.006674003120079983,
          -0.22096257381807563,
          0.9752594519574282,
          4.272895574459197
        ],
        [
          0.9943601095686797,
          0.10176570801856648,
          0.02986156676979141,
          -0.5655040092692875
        ],
        [
          -0.10584625728194023,
          0.9699583916960708,
          0.21903718445948633,
          1.2344887865439207
        ],
        [
          0.0,
          0.0,
          0.0,
          1.0
        ]
      ]
    },
    {
      "file_path": "./data\\nerf\\hel\\images/0046.jpg",
      "sharpness": 42.35409091210219,
      "transform_matrix": [
        [
          0.11858652377829022,
          -0.21383375651389605,
          0.9696454820869304,
          4.245856895348804
        ],
        [
          0.9706799868349892,
          0.2305979440235484,
          -0.06785979199821719,
          -0.8616727519242108
        ],
        [
          -0.20908754036173816,
          0.9492627206241345,
          0.23490995652995839,
          1.3163186706530965
        ],
        [
          0.0,
          0.0,
          0.0,
          1.0
        ]
      ]
    },
    {
      "file_path": "./data\\nerf\\hel\\images/0048.jpg",
      "sharpness": 31.534665232074428,
      "transform_matrix": [
        [
          0.23338664601369294,
          -0.18477827082689163,
          0.9546662579514171,
          4.128983264807591
        ],
        [
          0.9061616920569421,
          0.39744319257802946,
          -0.14460254673340406,
          -1.2073398174324028
        ],
        [
          -0.35270619686416865,
          0.8988302950420728,
          0.2601969242446128,
          1.49487731838134
        ],
        [
          0.0,
          0.0,
          0.0,
          1.0
        ]
      ]
    },
    {
      "file_path": "./data\\nerf\\hel\\images/0049.jpg",
      "sharpness": 37.943479364589294,
      "transform_matrix": [
        [
          0.24044806670846255,
          -0.18550508418459988,
          0.9527710065572345,
          4.070226448574022
        ],
        [
          0.89306101983452,
          0.42684996904314926,
          -0.14227128585871895,
          -1.404168968008794
        ],
        [
          -0.38029822779389266,
          0.8850915024176219,
          0.26830260949737966,
          1.5977005753772182
        ],
        [
          0.0,
          0.0,
          0.0,
          1.0
        ]
      ]
    },
    {
      "file_path": "./data\\nerf\\hel\\images/0050.jpg",
      "sharpness": 36.90059446509066,
      "transform_matrix": [
        [
          0.24868886000491333,
          -0.18672789194586112,
          0.9504138810314009,
          4.0125818313443915
        ],
        [
          0.8783925803628002,
          0.45695529743885177,
          -0.14006545222165032,
          -1.5835697568673088
        ],
        [
          -0.40814253106892473,
          0.8696692190108706,
          0.2776600868253053,
          1.6608256382865016
        ],
        [
          0.0,
          0.0,
          0.0,
          1.0
        ]
      ]
    },
    {
      "file_path": "./data\\nerf\\hel\\images/0047.jpg",
      "sharpness": 45.52066789860537,
      "transform_matrix": [
        [
          0.20986245393019098,
          -0.19714332590477163,
          0.957649340552095,
          4.207085454808592
        ],
        [
          0.9356350401173321,
          0.324799828873708,
          -0.13817432058147283,
          -0.9913211583191337
        ],
        [
          -0.28380419681827584,
          0.9250078811531608,
          0.2526174927653178,
          1.3809124858743018
        ],
        [
          0.0,
          0.0,
          0.0,
          1.0
        ]
      ]
    },
    {
      "file_path": "./data\\nerf\\hel\\images/0051.jpg",
      "sharpness": 31.316060458936132,
      "transform_matrix": [
        [
          0.25082691363883713,
          -0.1900319006139045,
          0.9491963633104277,
          3.918251515241629
        ],
        [
          0.872778328049916,
          0.4685465162354846,
          -0.13682891583977275,
          -1.7152877474852097
        ],
        [
          -0.41874079031652006,
          0.8627583896177738,
          0.2833798010575273,
          1.6993771389542176
        ],
        [
          0.0,
          0.0,
          0.0,
          1.0
        ]
      ]
    },
    {
      "file_path": "./data\\nerf\\hel\\images/0052.jpg",
      "sharpness": 41.71486303917087,
      "transform_matrix": [
        [
          0.21792263260879635,
          -0.1934370150097036,
          0.9566043316853869,
          3.764427297497555
        ],
        [
          0.8836354731504481,
          0.4552521206353393,
          -0.1092421953601872,
          -1.7538383474869657
        ],
        [
          -0.41436466642514236,
          0.8690958680514417,
          0.2701375489125004,
          1.6119508644096472
        ],
        [
          0.0,
          0.0,
          0.0,
          1.0
        ]
      ]
    },
    {
      "file_path": "./data\\nerf\\hel\\images/0054.jpg",
      "sharpness": 55.3451996216239,
      "transform_matrix": [
        [
          0.0861862583782995,
          -0.10382066767474925,
          0.9908547813925999,
          3.6250576042630085
        ],
        [
          0.9431542308340037,
          0.32893313626632653,
          -0.047571932122007346,
          -1.6044770445407945
        ],
        [
          -0.32098602107246865,
          0.9386289260459544,
          0.126268418236885,
          1.0410927862134878
        ],
        [
          0.0,
          0.0,
          0.0,
          1.0
        ]
      ]
    },
    {
      "file_path": "./data\\nerf\\hel\\images/0055.jpg",
      "sharpness": 39.50084243776715,
      "transform_matrix": [
        [
          0.01259435515822188,
          -0.043496837796406757,
          0.9989741774931523,
          3.6741406452940164
        ],
        [
          0.9709903555873618,
          0.23911164641592542,
          -0.0018302744322451399,
          -1.4442090773018443
        ],
        [
          -0.23878674915728026,
          0.9700173429529051,
          0.04524646699628826,
          0.7199623446168335
        ],
        [
          0.0,
          0.0,
          0.0,
          1.0
        ]
      ]
    },
    {
      "file_path": "./data\\nerf\\hel\\images/0053.jpg",
      "sharpness": 59.69477183730512,
      "transform_matrix": [
        [
          0.16770449482152885,
          -0.17153768181846996,
          0.97079865374405,
          3.666131498879276
        ],
        [
          0.9103607371626069,
          0.40483784706113773,
          -0.0857300753502622,
          -1.7092242473131571
        ],
        [
          -0.37831009852388536,
          0.8981542970365268,
          0.22405429709745056,
          1.3682491771689362
        ],
        [
          0.0,
          0.0,
          0.0,
          1.0
        ]
      ]
    },
    {
      "file_path": "./data\\nerf\\hel\\images/0056.jpg",
      "sharpness": 187.561462513511,
      "transform_matrix": [
        [
          -0.04944163477714923,
          -0.005407276143882287,
          0.9987623771916547,
          3.768776619838823
        ],
        [
          0.9907177466309086,
          0.12651260356236627,
          0.04972833850381354,
          -1.267229235616926
        ],
        [
          -0.12662492353712088,
          0.9919502621014257,
          -0.0008979055033584932,
          0.21950446522891892
        ],
        [
          0.0,
          0.0,
          0.0,
          1.0
        ]
      ]
    },
    {
      "file_path": "./data\\nerf\\hel\\images/0062.jpg",
      "sharpness": 62.32989389711695,
      "transform_matrix": [
        [
          -0.1383204005648618,
          0.08050206030926682,
          0.9871103712613893,
          3.3592627693499315
        ],
        [
          0.9890005677826763,
          0.06395691785842784,
          0.1333693727341373,
          0.613045795470574
        ],
        [
          -0.05239602764471427,
          0.9947004227013531,
          -0.08846312985061174,
          0.006682920754237937
        ],
        [
          0.0,
          0.0,
          0.0,
          1.0
        ]
      ]
    },
    {
      "file_path": "./data\\nerf\\hel\\images/0057.jpg",
      "sharpness": 89.0743762337621,
      "transform_matrix": [
        [
          -0.08013415539123844,
          0.02253624073639151,
          0.9965292945877019,
          3.720795508706652
        ],
        [
          0.9936083227094137,
          0.08154692526691332,
          0.0780551088782889,
          -0.9790102498932001
        ],
        [
          -0.07950483118764679,
          0.9964146811500147,
          -0.028926890339277925,
          -0.005601611838101599
        ],
        [
          0.0,
          0.0,
          0.0,
          1.0
        ]
      ]
    },
    {
      "file_path": "./data\\nerf\\hel\\images/0063.jpg",
      "sharpness": 74.89366512074415,
      "transform_matrix": [
        [
          -0.1393235068787254,
          0.08454419425242797,
          0.9866312581848804,
          3.370478900550915
        ],
        [
          0.989787063094736,
          0.04225041053511041,
          0.13614871479310833,
          0.7297801210678628
        ],
        [
          -0.030174992314396736,
          0.9955235717982842,
          -0.08956722509363885,
          0.012104221810597717
        ],
        [
          0.0,
          0.0,
          0.0,
          1.0
        ]
      ]
    },
    {
      "file_path": "./data\\nerf\\hel\\images/0060.jpg",
      "sharpness": 116.80930599339538,
      "transform_matrix": [
        [
          -0.12398473053544211,
          0.07330883670118059,
          0.9895724334447842,
          3.405666939777181
        ],
        [
          0.9893252129277418,
          0.08608998004521311,
          0.11757609621515983,
          0.12591194954042462
        ],
        [
          -0.07657290421115501,
          0.9935865990318307,
          -0.08320012345658774,
          -0.043075031092892416
        ],
        [
          0.0,
          0.0,
          0.0,
          1.0
        ]
      ]
    },
    {
      "file_path": "./data\\nerf\\hel\\images/0059.jpg",
      "sharpness": 118.40333324393416,
      "transform_matrix": [
        [
          -0.10697116147985786,
          0.07334608317939396,
          0.9915530861593597,
          3.462666512881408
        ],
        [
          0.9926014436217216,
          0.06549376012410327,
          0.10223962785918238,
          -0.30488802385825664
        ],
        [
          -0.057441663726045505,
          0.9951537164907189,
          -0.07980937163802372,
          -0.10284388890355182
        ],
        [
          0.0,
          0.0,
          0.0,
          1.0
        ]
      ]
    },
    {
