{
  "camera_angle_x": 1.3948833769971252,
  "camera_angle_y": 0.8812418500020219,
  "fl_x": 1145.6879884108705,
  "fl_y": 1145.1855839713874,
  "k1": 0.0025873876168132463,
  "k2": -0.0006659504102845796,
  "k3": 0,
  "k4": 0,
  "p1": 0.0008751454767837227,
  "p2": 0.0020067079383586915,
  "is_fisheye": false,
  "cx": 974.7680465161542,
  "cy": 533.8731074762399,
  "w": 1920.0,
  "h": 1080.0,
  "aabb_scale": 16,
  "frames": [
    {
      "file_path": "./images/0008.jpg",
      "sharpness": 6.710891185208963,
      "transform_matrix": [
        [
          0.10375100354164057,
          -0.23401562771056494,
          0.9666811342293689,
          4.592211593437016
        ],
        [
          0.9937326792164239,
          -0.01626803415030765,
          -0.11059255545628342,
          -0.6598703951213836
        ],
        [
          0.041606387989319135,
          0.9720967220785461,
          0.23086115183458877,
          0.6622630868797383
        ],
        [
          0.0,
          0.0,
          0.0,
          1.0
        ]
      ]
    },
    {
      "file_path": "./images/0002.jpg",
      "sharpness": 7.400098379472413,
      "transform_matrix": [
        [
          0.08052838211367638,
          -0.10904323034390252,
          0.9907697783107671,
          5.337109419862277
        ],
        [
          0.9940430094846818,
          -0.06445296036546473,
          -0.08788806059347974,
          -0.5667937121150357
        ],
        [
          0.0734416432885378,
          0.9919452554652077,
          0.10320336823431643,
          0.1062685977275005
        ],
        [
          0.0,
          0.0,
          0.0,
          1.0
        ]
      ]
    },
    {
      "file_path": "./images/0001.jpg",
      "sharpness": 7.985267645299722,
      "transform_matrix": [
        [
          0.0993628523717259,
          -0.08189470821109256,
          0.9916754914583807,
          5.355213097997158
        ],
        [
          0.9919927183271451,
          -0.06992742654393828,
          -0.1051693957526718,
          -0.6214572785449223
        ],
        [
          0.07795813206228178,
          0.9941847976144031,
          0.07429076565450998,
          4.653528822426417e-05
        ],
        [
          0.0,
          0.0,
          0.0,
          1.0
        ]
      ]
    },
    {
      "file_path": "./images/0007.jpg",
      "sharpness": 7.383692432191117,
      "transform_matrix": [
        [
          0.08491579323983486,
          -0.21614526911757764,
          0.9726615704962267,
          4.786797644652929
        ],
        [
          0.9952719768643269,
          -0.027792767745388247,
          -0.09306585909851106,
          -0.6009078247172494
        ],
        [
          0.04714870228417242,
          0.9759655653366371,
          0.21276328436509334,
          0.5719989375236769
        ],
        [
          0.0,
          0.0,
          0.0,
          1.0
        ]
      ]
    },
    {
      "file_path": "./images/0006.jpg",
      "sharpness": 7.017253992317849,
      "transform_matrix": [
        [
          0.07342475539226748,
          -0.19863107174334618,
          0.9773200615240237,
          4.93974707952936
        ],
        [
          0.9959392617248862,
          -0.036584601272374076,
          -0.08225906579063896,
          -0.5628749841818544
        ],
        [
          0.05209407116494956,
          0.9793912723276307,
          0.1951382675481434,
          0.4888223623013025
        ],
        [
          0.0,
          0.0,
          0.0,
          1.0
        ]
      ]
    },
    {
      "file_path": "./images/0004.jpg",
      "sharpness": 8.01767698688062,
      "transform_matrix": [
        [
          0.06560138265564713,
          -0.15643091218337812,
          0.9855079037383667,
          5.195921246368226
        ],
        [
          0.9958414050681555,
          -0.052306277849695285,
          -0.0745918846089237,
          -0.530460029062681
        ],
        [
          0.06321672678686098,
          0.9863029063298235,
          0.15234901523627803,
          0.3009443972513828
        ],
        [
          0.0,
          0.0,
          0.0,
          1.0
        ]
      ]
    },
    {
      "file_path": "./images/0005.jpg",
      "sharpness": 7.3136294361469725,
      "transform_matrix": [
        [
          0.06645622450676658,
          -0.17674837105243002,
          0.9820099712214052,
          5.089469550967003
        ],
        [
          0.996111078637027,
          -0.04530618977182707,
          -0.07556499311888148,
          -0.5371189464745464
        ],
        [
          0.0578471195563338,
          0.9832127758132304,
          0.17305013221735077,
          0.3894794631500276
        ],
        [
          0.0,
          0.0,
          0.0,
          1.0
        ]
      ]
    },
    {
      "file_path": "./images/0003.jpg",
      "sharpness": 8.165042918598791,
      "transform_matrix": [
        [
          0.07067664079767888,
          -0.13180859988995242,
          0.9887523984619468,
          5.287095105268615
        ],
        [
          0.9951206866167146,
          -0.059095499522414975,
          -0.07900975258658614,
          -0.5408577665307307
        ],
        [
          0.06884498175718412,
          0.9895121095544516,
          0.12698879303197208,
          0.1979229849311372
        ],
        [
          0.0,
          0.0,
          0.0,
          1.0
        ]
      ]
    },
    {
      "file_path": "./images/0013.jpg",
      "sharpness": 3.673942896412037,
      "transform_matrix": [
        [
          0.2616200253219175,
          -0.28014792586746673,
          0.9236190242769807,
          3.516101832225052
        ],
        [
          0.9649317851484412,
          0.05461617509869996,
          -0.2567561555794705,
          -1.1004172892841035
        ],
        [
          0.021485166084891247,
          0.9584019058169078,
          0.28461232332523606,
          0.9941217645217751
        ],
        [
          0.0,
          0.0,
          0.0,
          1.0
        ]
      ]
    },
    {
      "file_path": "./images/0012.jpg",
      "sharpness": 4.172339891974379,
      "transform_matrix": [
        [
          0.22344205102301787,
          -0.2768744259974952,
          0.9345663176505085,
          3.732300092911074
        ],
        [
          0.974405547913666,
          0.03920502161196855,
          -0.2213521955517775,
          -0.9994510703101908
        ],
        [
          0.02464706940537765,
          0.9601059933844381,
          0.27854802720675087,
          0.9442659195370587
        ],
        [
          0.0,
          0.0,
          0.0,
          1.0
        ]
      ]
    },
    {
      "file_path": "./images/0016.jpg",
      "sharpness": 3.479011375069323,
      "transform_matrix": [
        [
          0.4103892255075079,
          -0.26653805230328426,
          0.8720883844458459,
          2.8247527822613048
        ],
        [
          0.9118490693682098,
          0.10884622251675516,
          -0.395833013449209,
          -1.4677898723486245
        ],
        [
          0.01058103409442187,
          0.9576585855834939,
          0.2877117919020339,
          1.1002890685648572
        ],
        [
          0.0,
          0.0,
          0.0,
          1.0
        ]
      ]
    },
    {
      "file_path": "./images/0010.jpg",
      "sharpness": 5.023914930346244,
      "transform_matrix": [
        [
          0.15437458975470528,
          -0.26042708731974074,
          0.9530719900678379,
          4.1814992380765235
        ],
        [
          0.9874813305866709,
          0.009045666342135501,
          -0.1574763400112016,
          -0.8092265969785274
        ],
        [
          0.03238993332870163,
          0.9654511422823766,
          0.2585633077379338,
          0.8151595146326124
        ],
        [
          0.0,
          0.0,
          0.0,
          1.0
        ]
      ]
    },
    {
      "file_path": "./images/0011.jpg",
      "sharpness": 4.912686135155859,
      "transform_matrix": [
        [
          0.1840771445700818,
          -0.2697071305919081,
          0.9451844627259013,
          3.9752496521464
        ],
        [
          0.9824913920788415,
          0.022366304866053434,
          -0.18496057119758674,
          -0.8926372181119206
        ],
        [
          0.028744901082357,
          0.9626826123589659,
          0.2691020597231607,
          0.8790955365926236
        ],
        [
          0.0,
          0.0,
          0.0,
          1.0
        ]
      ]
    },
    {
      "file_path": "./images/0015.jpg",
      "sharpness": 3.6893190561265192,
      "transform_matrix": [
        [
          0.35499473015976524,
          -0.2761839514498,
          0.8931411795141999,
          3.058403144412723
        ],
        [
          0.9347556020696407,
          0.09002788013045551,
          -0.3436960069578323,
          -1.3346798176637265
        ],
        [
          0.014515714250254046,
          0.9568789922369696,
          0.2901239188331969,
          1.0743359110414077
        ],
        [
          0.0,
          0.0,
          0.0,
          1.0
        ]
      ]
    },
    {
      "file_path": "./images/0014.jpg",
      "sharpness": 3.5485942298806603,
      "transform_matrix": [
        [
          0.30976435312354367,
          -0.2797629628043539,
          0.9087236819850841,
          3.2703773533136693
        ],
        [
          0.9506475471885576,
          0.07327956458324845,
          -0.30149518476915577,
          -1.2232009880684505
        ],
        [
          0.01775631041991179,
          0.957268400231156,
          0.2886553713044676,
          1.041022068013904
        ],
        [
          0.0,
          0.0,
          0.0,
          1.0
        ]
      ]
    },
    {
      "file_path": "./images/0009.jpg",
      "sharpness": 5.707460378621327,
      "transform_matrix": [
        [
          0.12465121467623708,
          -0.24789848975873116,
          0.9607332686436572,
          4.406662606223198
        ],
        [
          0.9915030653434118,
          -0.005180270234886465,
          -0.129980137771239,
          -0.7228164379372602
        ],
        [
          0.03719873780734186,
          0.968772162894551,
          0.24514638551265458,
          0.737908285034137
        ],
        [
          0.0,
          0.0,
          0.0,
          1.0
        ]
      ]
    },
    {
      "file_path": "./images/0022.jpg",
      "sharpness": 1.8651957930330127,
      "transform_matrix": [
        [
          0.7256727613488255,
          -0.13795013263963957,
          0.6740688424521064,
          1.7155683314171297
        ],
        [
          0.6873598153383756,
          0.18890327242232285,
          -0.7013216365735839,
          -2.227052222620049
        ],
        [
          -0.030586397388755113,
          0.9722578436792627,
          0.23190333702362353,
          1.0597597898782858
        ],
        [
          0.0,
          0.0,
          0.0,
          1.0
        ]
      ]
    },
    {
      "file_path": "./images/0021.jpg",
      "sharpness": 2.113757712919947,
      "transform_matrix": [
        [
          0.6752132653576841,
          -0.16827028610172173,
          0.718172790576129,
          1.8828165993632
        ],
        [
          0.7373427860741748,
          0.18078849792281526,
          -0.6508772041201815,
          -2.0952527962931575
        ],
        [
          -0.020314086702903272,
          0.9690204486269356,
          0.24614367358931702,
          1.0895623904120013
        ],
        [
          0.0,
          0.0,
          0.0,
          1.0
        ]
      ]
    },
    {
      "file_path": "./images/0023.jpg",
      "sharpness": 2.288491496865021,
      "transform_matrix": [
        [
          0.7658364368978403,
          -0.10832062297116529,
          0.6338463493484879,
          1.5824812544988174
        ],
        [
          0.6417791843395874,
          0.190338984002401,
          -0.7428933636245961,
          -2.34110504066588
        ],
        [
          -0.04017499819966152,
          0.9757241996748102,
          0.21528645036874422,
          1.0206585910450527
        ],
        [
          0.0,
          0.0,
          0.0,
          1.0
        ]
      ]
    },
    {
      "file_path": "./images/0020.jpg",
      "sharpness": 2.5508887922147734,
      "transform_matrix": [
        [
          0.6263589099763647,
          -0.19269954902705907,
          0.7553419091521633,
          2.043781434358977
        ],
        [
          0.7794320656260761,
          0.17054564084002,
          -0.6028265417717225,
          -1.9758300104570266
        ],
        [
          -0.012655867208727328,
          0.9663234801133718,
          0.25701898924114946,
          1.1076639309221694
        ],
        [
          0.0,
          0.0,
          0.0,
          1.0
        ]
      ]
    },
    {
      "file_path": "./images/0024.jpg",
      "sharpness": 2.4238984573250306,
      "transform_matrix": [
        [
          0.8069347674485124,
          -0.07422453512127268,
          0.5859581892016632,
          1.4439083407122861
        ],
        [
          0.5882683976116045,
          0.18982307831601197,
          -0.7860709200258122,
          -2.4693744973003158
        ],
        [
          -0.05288263862746885,
          0.9790086400781273,
          0.19683878989654924,
          0.970296190535808
        ],
        [
          0.0,
          0.0,
          0.0,
          1.0
        ]
      ]
    },
    {
      "file_path": "./images/0017.jpg",
      "sharpness": 3.0675308634151723,
      "transform_matrix": [
        [
          0.4605417697956431,
          -0.25483155912893357,
          0.8502718122865536,
          2.627234121005869
        ],
        [
          0.8876176948701829,
          0.1257291865331821,
          -0.4430880267025571,
          -1.584783957147619
        ],
        [
          0.006008829385092264,
          0.9587768500277382,
          0.284096543175157,
          1.1162345446060626
        ],
        [
          0.0,
          0.0,
          0.0,
          1.0
        ]
      ]
    },
    {
      "file_path": "./images/0018.jpg",
      "sharpness": 2.7542934931999996,
      "transform_matrix": [
        [
          0.5198237434266486,
          -0.2366796384817646,
          0.8208325191667866,
          2.411828164979098
        ],
        [
          0.8542732057277292,
          0.1431730267408476,
          -0.4997186952572936,
          -1.72266598521052
        ],
        [
          0.0007521639196516952,
          0.9609808703431059,
          0.2766138122144482,
          1.1220421373408664
        ],
        [
          0.0,
          0.0,
          0.0,
          1.0
        ]
      ]
    },
    {
      "file_path": "./images/0019.jpg",
      "sharpness": 2.7897063061100624,
      "transform_matrix": [
        [
          0.5698813712498317,
          -0.2177240141072275,
          0.7923581743170782,
          2.2352304182639657
        ],
        [
          0.8217121820627524,
          0.15677856360616027,
          -0.5479138361488763,
          -1.8402337520062066
        ],
        [
          -0.004930776639808052,
          0.9633362526646227,
          0.268251657529969,
          1.1194606793281812
        ],
        [
          0.0,
          0.0,
          0.0,
          1.0
        ]
      ]
    },
    {
      "file_path": "./images/0026.jpg",
      "sharpness": 2.344862557060799,
      "transform_matrix": [
        [
          0.8675343265722599,
          -0.0099616591791637,
          0.49727754583216405,
          1.2281359185440945
        ],
        [
          0.490980262001773,
          0.17698756455898967,
          -0.8530028044011733,
          -2.695953390834534
        ],
        [
          -0.07951461853039077,
          0.9841626732206956,
          0.15843376566510564,
          0.8503306310008864
        ],
        [
          0.0,
          0.0,
          0.0,
          1.0
        ]
      ]
    },
    {
      "file_path": "./images/0025.jpg",
      "sharpness": 2.173873933879966,
      "transform_matrix": [
        [
          0.8377031060276376,
          -0.043575776982029774,
          0.5443846598093182,
          1.3365399416147343
        ],
        [
          0.5421940387036426,
          0.18575799011331523,
          -0.8194629909296778,
          -2.5766954392066967
        ],
        [
          -0.06541506371692112,
          0.9816288100868118,
          0.1792365717989113,
          0.9180393840904579
        ],
        [
          0.0,
          0.0,
          0.0,
          1.0
        ]
      ]
    },
    {
      "file_path": "./images/0027.jpg",
      "sharpness": 2.826561020535861,
      "transform_matrix": [
        [
          0.8889231842500358,
          0.01800270134658049,
          0.45770238722410994,
          1.1463391837419825
        ],
        [
          0.4486411366210785,
          0.1673349114556703,
          -0.8779066909071764,
          -2.7928836787607736
        ],
        [
          -0.09239428040576204,
          0.9857357303940251,
          0.1406711299329925,
          0.7863410159565613
        ],
        [
          0.0,
          0.0,
          0.0,
          1.0
        ]
      ]
    },
    {
      "file_path": "./images/0028.jpg",
      "sharpness": 3.030312498031544,
      "transform_matrix": [
        [
          0.9079720493370522,
          0.048884256624856286,
          0.4161695412936358,
          1.0699394223380796
        ],
        [
          0.4050212101472149,
          0.1522810751661705,
          -0.9015366290269292,
          -2.8979551870380593
        ],
        [
          -0.10744569312966722,
          0.9871275518511586,
          0.11846779911853123,
          0.7031945991369078
        ],
        [
          0.0,
          0.0,
          0.0,
          1.0
        ]
      ]
    },
    {
      "file_path": "./images/0029.jpg",
      "sharpness": 2.8186868248435855,
      "transform_matrix": [
        [
          0.9206031627728105,
          0.07370268294111829,
          0.3834810702546151,
          1.0170502763509643
        ],
        [
          0.37167785547187354,
          0.1358234933296818,
          -0.9183722286805438,
          -2.9826810301390236
        ],
        [
          -0.11977223578015732,
          0.9879878001323182,
          0.09764588240007863,
          0.6210512182947787
        ],
        [
          0.0,
          0.0,
          0.0,
          1.0
        ]
      ]
    },
    {
      "file_path": "./images/0030.jpg",
      "sharpness": 2.955086321622166,
      "transform_matrix": [
        [
          0.9306544602807958,
          0.09971174138238094,
          0.35205091139436046,
          0.9753784768564072
        ],
        [
          0.34037535145894354,
          0.11713267369457138,
          -0.9329654639226901,
          -3.070249843319215
        ],
        [
          -0.13426427558558449,
          0.9880979229848905,
          0.07507062620085675,
          0.5263845319895321
        ],
        [
          0.0,
          0.0,
          0.0,
          1.0
        ]
      ]
    },
    {
      "file_path": "./images/0032.jpg",
      "sharpness": 3.5446031006843133,
      "transform_matrix": [
        [
          0.938963504151935,
          0.1401907360776335,
          0.3141561640528105,
          0.9532623358899364
        ],
        [
          0.30634699837595747,
          0.07475096518271782,
          -0.9489804053774828,
          -3.205836489326025
        ],
        [
          -0.15652173803416827,
          0.9872987646836489,
          0.027241417009205057,
          0.32157680650443
        ],
        [
          0.0,
          0.0,
          0.0,
          1.0
        ]
      ]
    },
    {
      "file_path": "./images/0037.jpg",
      "sharpness": 3.8150395311329697,
      "transform_matrix": [
        [
          0.9229212489933921,
          0.20502638087155337,
          0.3258535734449389,
          1.1929239003586587
        ],
        [
          0.33959756690269194,
          -0.03484340423243877,
          -0.9399252256086039,
          -3.356494442505325
        ],
        [
          -0.18135561951628373,
          0.9781360438875376,
          -0.10178417824822812,
          -0.23904698283290768
        ],
        [
          0.0,
          0.0,
          0.0,
          1.0
        ]
      ]
    },
    {
      "file_path": "./images/0033.jpg",
      "sharpness": 3.311814233691474,
      "transform_matrix": [
        [
          0.9393843607027588,
          0.15585805617930693,
          0.30539366269574564,
          0.9669921296624648
        ],
        [
          0.3007063381116726,
          0.05340286793547622,
          -0.9522204744258825,
          -3.2559758502295146
        ],
        [
          -0.164720129635428,
          0.986334831608385,
          0.0032983136163785287,
          0.21755219338351958
        ],
        [
          0.0,
          0.0,
          0.0,
          1.0
        ]
      ]
    },
    {
      "file_path": "./images/0034.jpg",
      "sharpness": 3.3611559603632517,
      "transform_matrix": [
        [
          0.9377592436900435,
          0.17178893964028255,
          0.3018214059916739,
          1.0005803697929312
        ],
        [
          0.3013720198624221,
          0.02932758943264445,
          -0.9530555063280588,
          -3.300709139341447
        ],
        [
          -0.17257608912733724,
          0.9846971375702592,
          -0.024270161643806847,
          0.09708640990076017
        ],
        [
          0.0,
          0.0,
          0.0,
          1.0
        ]
      ]
    },
    {
      "file_path": "./images/0035.jpg",
      "sharpness": 3.8360508276331404,
      "transform_matrix": [
        [
          0.9348141465957094,
          0.18370007952352554,
          0.3039355065326063,
          1.0450595359986412
        ],
        [
          0.30773388103831795,
          0.00817424251432862,
          -0.9514373548587053,
          -3.3299807405563495
        ],
        [
          -0.17726356028830986,
          0.9829483519321458,
          -0.04888934087872365,
          -0.010129119426337945
        ],
        [
          0.0,
          0.0,
          0.0,
          1.0
        ]
      ]
    },
    {
      "file_path": "./images/0031.jpg",
      "sharpness": 3.4559620946225116,
      "transform_matrix": [
        [
          0.9358960921258703,
          0.12000820141041166,
          0.3312046744256614,
          0.9566706641979262
        ],
        [
          0.3208411490637348,
          0.09784694777788171,
          -0.9420652482063722,
          -3.137976515715701
        ],
        [
          -0.14546292253081783,
          0.9879392726419414,
          0.05307100681417509,
          0.4331592368664617
        ],
        [
          0.0,
          0.0,
          0.0,
          1.0
        ]
      ]
    },
    {
      "file_path": "./images/0036.jpg",
      "sharpness": 3.9915586387370294,
      "transform_matrix": [
        [
          0.9292405389739462,
          0.19598581149227925,
          0.3132117214357872,
          1.1160669717138523
        ],
        [
          0.3222037149213118,
          -0.014968265522034618,
          -0.9465520150093638,
          -3.350408483506243
        ],
        [
          -0.18082252857019784,
          0.9804924847976856,
          -0.07705647565588097,
          -0.13232642279365903
        ],
        [
          0.0,
          0.0,
          0.0,
          1.0
        ]
      ]
    },
    {
      "file_path": "./images/0039.jpg",
      "sharpness": 4.347937399679216,
      "transform_matrix": [
        [
          0.903785632371962,
          0.2205263489078675,
          0.36679648332423337,
          1.4033133628863839
        ],
        [
          0.3903516110690941,
          -0.07332399384341941,
          -0.9177413642539666,
          -3.3318283253776815
        ],
        [
          -0.1754911692155987,
          0.9726210574462708,
          -0.1523519877231839,
          -0.45445016464191706
        ],
        [
          0.0,
          0.0,
          0.0,
          1.0
        ]
      ]
    },
    {
      "file_path": "./images/0038.jpg",
      "sharpness": 3.8864612250508417,
      "transform_matrix": [
        [
          0.9136009533053717,
          0.21413933507915822,
          0.34565538230297876,
          1.2979430108277255
        ],
        [
          0.3647609553417197,
          -0.05598258227533498,
          -0.9294166966114283,
          -3.3499030216167647
        ],
        [
          -0.17967399254515024,
          0.9751975675099724,
          -0.12925540897495683,
          -0.3563556427907897
        ],
        [
          0.0,
          0.0,
          0.0,
          1.0
        ]
      ]
    },
    {
      "file_path": "./images/0040.jpg",
      "sharpness": 4.50723909490115,
      "transform_matrix": [
        [
          0.8901643683841503,
          0.22653690944848334,
          0.39533330993026905,
          1.540719550447412
        ],
        [
          0.4234266672777722,
          -0.09084701653361635,
          -0.9013637872829695,
          -3.298307451837683
        ],
        [
          -0.16827731491633982,
          0.969756592278755,
          -0.17679054567540875,
          -0.5591398917065995
        ],
        [
          0.0,
          0.0,
          0.0,
          1.0
        ]
      ]
    },
    {
      "file_path": "./images/0041.jpg",
      "sharpness": 4.120126334344242,
      "transform_matrix": [
        [
          0.8760900508507056,
          0.2304793470185589,
          0.4234920228551572,
          1.6744407451264331
        ],
        [
          0.4550639344415345,
          -0.10502957378005916,
          -0.8842429554156982,
          -3.254943817725959
        ],
        [
          -0.15932055231023876,
          0.9673924018995894,
          -0.1968982030955811,
          -0.6444146277795227
        ],
        [
          0.0,
          0.0,
          0.0,
          1.0
        ]
      ]
    },
    {
      "file_path": "./images/0042.jpg",
      "sharpness": 4.160317322485278,
      "transform_matrix": [
        [
          0.8556668372710079,
          0.23478964239329125,
          0.4612028701592254,
          1.8480790901438935
        ],
        [
          0.4961413225005616,
          -0.11862030603998172,
          -0.8601005819684658,
          -3.1876700924770947
        ],
        [
          -0.14723468245783244,
          0.9647813466497632,
          -0.21798830579179163,
          -0.7331437905709073
        ],
        [
          0.0,
          0.0,
          0.0,
          1.0
        ]
      ]
    },
    {
      "file_path": "./images/0043.jpg",
      "sharpness": 4.41587093186776,
      "transform_matrix": [
        [
          0.8356239112668471,
          0.23636197259931266,
          0.4958484615804552,
          2.0115231699296987
        ],
        [
          0.5324591341699075,
          -0.12672006955940476,
          -0.8369165396919879,
          -3.118875952048016
        ],
        [
          -0.13498129268019016,
          0.9633665148339444,
          -0.23174341144215818,
          -0.7956006198398285
        ],
        [
          0.0,
          0.0,
          0.0,
          1.0
        ]
      ]
    },
    {
      "file_path": "./images/0044.jpg",
      "sharpness": 4.257512538446289,
      "transform_matrix": [
        [
          0.8089333016573848,
          0.23610699669972457,
          0.5384054230807533,
          2.213874333358613
        ],
        [
          0.576037134346742,
          -0.13527057824917657,
          -0.8061532673839669,
          -3.020804313866197
        ],
        [
          -0.11750801392907245,
          0.9622657412549831,
          -0.24543127325833514,
          -0.8566945291624923
        ],
        [
          0.0,
          0.0,
          0.0,
          1.0
        ]
      ]
    },
    {
      "file_path": "./images/0045.jpg",
      "sharpness": 4.400053509300779,
      "transform_matrix": [
        [
          0.7824532145052946,
          0.23386769702945953,
          0.5771246550097424,
          2.403709790679605
        ],
        [
          0.61451436469532,
          -0.14013041874233106,
          -0.7763604583737667,
          -2.9213693096031137
        ],
        [
          -0.10069291289156991,
          0.9621171269926754,
          -0.2533605558577259,
          -0.8963091803582295
        ],
        [
          0.0,
          0.0,
          0.0,
          1.0
        ]
      ]
    },
    {
      "file_path": "./images/0046.jpg",
      "sharpness": 4.456138594511471,
      "transform_matrix": [
        [
          0.7481613029162529,
          0.22888330848445543,
          0.6227897686535248,
          2.6360858669726754
        ],
        [
          0.6586429495238737,
          -0.14262753127772448,
          -0.7388144911709786,
          -2.791857982627175
        ],
        [
          -0.08027533788739577,
          0.9629485024871364,
          -0.25746077702945536,
          -0.9242279910651353
        ],
        [
          0.0,
          0.0,
          0.0,
          1.0
        ]
      ]
    },
    {
      "file_path": "./images/0047.jpg",
      "sharpness": 4.330693962139027,
      "transform_matrix": [
        [
          0.7134009921362175,
          0.22250394017345307,
          0.6644930556822961,
          2.85171074140832
        ],
        [
          0.6980366668304998,
          -0.14218199047953237,
          -0.7018041702238328,
          -2.6603745919858715
        ],
        [
          -0.06167524778822807,
          0.964508309043501,
          -0.25674868182733074,
          -0.9329745743932123
        ],
        [
          0.0,
          0.0,
          0.0,
          1.0
        ]
      ]
    },
    {
      "file_path": "./images/0048.jpg",
      "sharpness": 3.9138208903383163,
      "transform_matrix": [
        [
          0.6707971583366681,
          0.21186038209109204,
          0.710736484846046,
          3.1074956225101107
        ],
        [
          0.7405503925657428,
          -0.13939168082730075,
          -0.657385028265006,
          -2.5022125754888926
        ],
        [
          -0.040203090021209885,
          0.9673081917567716,
          -0.25039683252141165,
          -0.926637022691369
        ],
        [
          0.0,
          0.0,
          0.0,
          1.0
        ]
      ]
    },
    {
      "file_path": "./images/0049.jpg",
      "sharpness": 3.564887631512342,
      "transform_matrix": [
        [
          0.6302316858517473,
          0.20018341339589266,
          0.7501563991417255,
          3.336917196411478
        ],
        [
          0.7761125669467676,
          -0.1358209969680062,
          -0.6157937481089223,
          -2.355045866348448
        ],
        [
          -0.021384704430935784,
          0.9702985405570809,
          -0.24096355872406391,
          -0.9090688260996177
        ],
        [
          0.0,
          0.0,
          0.0,
          1.0
        ]
      ]
    },
    {
      "file_path": "./images/0050.jpg",
      "sharpness": 4.213048292449871,
      "transform_matrix": [
        [
          0.5806699880675288,
          0.18400159106583966,
          0.7930736280236166,
          3.5990511977329427
        ],
        [
          0.8141390072651689,
          -0.13099114724000133,
          -0.5657022151221898,
          -2.178046778085335
        ],
        [
          -0.00020448327134928862,
          0.9741584747121096,
          -0.2258655005903578,
          -0.875196279066348
        ],
        [
          0.0,
          0.0,
          0.0,
          1.0
        ]
      ]
    },
    {
      "file_path": "./images/0051.jpg",
      "sharpness": 5.156575038370942,
      "transform_matrix": [
        [
          0.5334477821775716,
          0.1685948875221016,
          0.8288601978710802,
          3.82884251444502
        ],
        [
          0.8456927847078423,
          -0.12415358269748977,
          -0.5190275539859047,
          -2.016764034515695
        ],
        [
          0.015400571035919637,
          0.9778351864339178,
          -0.2088089332554473,
          -0.8344442073802406
        ],
        [
          0.0,
          0.0,
          0.0,
          1.0
        ]
      ]
    },
    {
      "file_path": "./images/0053.jpg",
      "sharpness": 5.851597670360137,
      "transform_matrix": [
        [
          0.4312553818524544,
          0.12714251452119993,
          0.8932264979545596,
          4.29407735047392
        ],
        [
          0.9009791770229113,
          -0.11279959444608029,
          -0.4189424471977459,
          -1.6716153988810514
        ],
        [
          0.04749019054138037,
          0.9854496600626218,
          -0.16319819027358068,
          -0.7173010058081181
        ],
        [
          0.0,
          0.0,
          0.0,
          1.0
        ]
      ]
    },
    {
      "file_path": "./images/0052.jpg",
      "sharpness": 5.668412422538103,
      "transform_matrix": [
        [
          0.4796253742149354,
          0.14787501524351657,
          0.8649233956250455,
          4.0788670780735945
        ],
        [
          0.8768458821835495,
          -0.11804080085380207,
          -0.4660554347195886,
          -1.8324738398174207
        ],
        [
          0.033178295783287376,
          0.9819365301403215,
          -0.18627896147624268,
          -0.7773371676358164
        ],
        [
          0.0,
          0.0,
          0.0,
          1.0
        ]
      ]
    },
    {
      "file_path": "./images/0055.jpg",
      "sharpness": 6.058080623781713,
      "transform_matrix": [
        [
          0.32694756442883577,
          0.07915593568750208,
          0.941721629773435,
          4.712656562220481
        ],
        [
          0.9425909956963112,
          -0.09904256694539844,
          -0.31892441857785336,
          -1.3342630469279895
        ],
        [
          0.06802576679464256,
          0.9919298905678068,
          -0.10699339827253376,
          -0.5665267914704132
        ],
        [
          0.0,
          0.0,
          0.0,
          1.0
        ]
      ]
    },
    {
      "file_path": "./images/0054.jpg",
      "sharpness": 6.075112832217857,
      "transform_matrix": [
        [
          0.3753215259658737,
          0.10228479413212771,
          0.9212337233621242,
          4.525537091503986
        ],
        [
          0.9249748818018032,
          -0.10526727590653889,
          -0.36515786813250417,
          -1.489965964530559
        ],
        [
          0.059625667163909005,
          0.9891696626646527,
          -0.13411993998999958,
          -0.6404576615837856
        ],
        [
          0.0,
          0.0,
          0.0,
          1.0
        ]
      ]
    },
    {
      "file_path": "./images/0056.jpg",
      "sharpness": 6.418857533953956,
      "transform_matrix": [
        [
          0.27513034394391167,
          0.051133403435098264,
          0.9600461806174193,
          4.902935120447629
        ],
        [
          0.9584100041182825,
          -0.09337289376966929,
          -0.26968827693318576,
          -1.1687335987576357
        ],
        [
          0.07585221057062594,
          0.9943172923095505,
          -0.07469648177470178,
          -0.47505707224045907
        ],
        [
          0.0,
          0.0,
          0.0,
          1.0
        ]
      ]
    },
    {
      "file_path": "./images/0057.jpg",
      "sharpness": 6.782539846495932,
      "transform_matrix": [
        [
          0.23282084578559636,
          0.026007162418090646,
          0.972171837328301,
          5.04696263713417
        ],
        [
          0.9691980397322656,
          -0.08875408778995772,
          -0.2297343502391946,
          -1.03499856566828
        ],
        [
          0.08030948603747527,
          0.9957139847501981,
          -0.0458698926207992,
          -0.39046267279880564
        ],
        [
          0.0,
          0.0,
          0.0,
          1.0
        ]
      ]
    },
    {
      "file_path": "./images/0058.jpg",
      "sharpness": 6.917172990201891,
      "transform_matrix": [
        [
          0.18883026554673155,
          -0.0029551582267814563,
          0.98200529422048,
          5.182183680146392
        ],
        [
          0.978528610200899,
          -0.08355973347366229,
          -0.18841318945399393,
          -0.8970050853534063
        ],
        [
          0.08261289144163775,
          0.9964983883605955,
          -0.012886899788269556,
          -0.2900092827407546
        ],
        [
          0.0,
          0.0,
          0.0,
          1.0
        ]
      ]
    },
    {
      "file_path": "./images/0059.jpg",
      "sharpness": 7.8002608986962585,
      "transform_matrix": [
        [
          0.15479270439117973,
          -0.028405887110089966,
          0.9875385178657083,
          5.270428050198633
        ],
        [
          0.984478755366278,
          -0.07924852372716962,
          -0.15659262983821082,
          -0.7910041118166082
        ],
        [
          0.08270912223003082,
          0.9964500876050751,
          0.015697899080479208,
          -0.19892099206650096
        ],
        [
          0.0,
          0.0,
          0.0,
          1.0
        ]
      ]
    },
    {
      "file_path": "./images/0060.jpg",
      "sharpness": 8.097751735273864,
      "transform_matrix": [
        [
          0.12194699005287507,
          -0.05743755451708393,
          0.9908732809859127,
          5.335397660859423
        ],
        [
          0.9892303244292027,
          -0.07438476369639864,
          -0.12605662283134528,
          -0.6897354167714784
        ],
        [
          0.08094625900532718,
          0.995574122948436,
          0.047747972650784745,
          -0.09221481252312722
        ],
        [
          0.0,
          0.0,
          0.0,
          1.0
        ]
      ]
    }
  ]
}